255	
255	
255	
255	
255	
255	
228	
223	
218	
214	
209	
205	
200	
195	
191	
186	
182	
177	
173	
168	
163	
159	
154	
150	
145	
140	
136	
131	
127	
122	
118	
113	
108	
104	
99	
95	
90	
85	
81	
76	
72	
67	
63	
58	
53	
49	
44	
40	
35	
35	
50	
64	
79	
94	
108	
123	
138	
152	
167	
182	
196	
211	
226	
240	
255	
255	
250	
245	
239	
234	
229	
224	
219	
214	
208	
203	
198	
193	
188	
182	
177	
172	
167	
162	
156	
151	
146	
141	
136	
131	
125	
120		
115	
115
109	
103	
97	
91	
85	
79	
73	
67	
61	
54	
48	
42	
36	
30	
24	
18	
12	
6	
0	
0	
0	
0	
0	
0	
0	
0	
0	
0	
0	
0	
0	
0	
0	
0	
0	
0	
0	
0	
0	
0	
0	
0	
0	
0	
0	
0	
0	
0	
0	
0
0
0
0
0
0
0
0
0
0
0
0
0
0
0
0
0
0
0
0
0
0
0
0
0
0
0
0
0
0
0
0
0
0
0
0
0
0
0
0
0
0
0
0
0
0
0
0
0
0
0
0
0
0
0
0
0
0
0
0
0
0
0
0
0
0
0
0
0
