255        
255        
255        
255        
255        
255        
240        
237        
234        
232        
229        
227        
224        
221        
219        
216        
214        
211        
209        
206        
203        
201        
198        
196        
193        
190        
188        
185        
183        
180        
178        
175        
172        
170        
167 
165 
162 
159 
157 
154 
152 
149 
147 
144 
141 
139 
136 
134 
131 
131 
139 
148 
156 
164 
172        
181        
189        
197        
205        
214        
222        
230        
238        
247        
255        
255        
246        
236        
227        
217        
208        
198        
189        
179        
170        
161        
151        
142        
132        
123        
113        
104        
94         
85         
76         
66         
57         
47         
38         
28         
19         
9          	
0          
0   
13         
27         
40  
54  
67  
81  
94  
107 
121 
134 
148 
161 
174 
188 
201 
215 
228 
242 
255 
255 
246 
237 
229 
220 
211 
202 
193 
185 
176 
167 
158 
149 
141 
132 
123 
114 
106 
97  
88  
79  
70  
62  
53  
44  
35  
26  
18  
9   
0   
0 
0 
0 
0 
0 
0 
0 
0 
0 
0 
0 
0 
0 
0 
0 
0 
0 
0 
0 
0 
0 
0 
0 
0 
0 
0 
0 
0 
0 
0 
0 
0 
0 
0 
0 
0 
0 
0 
0 
0 
0 
0 
0 
0 
0 
0 
0 
0 
0 
0 
0 
0 
0 
0 
0 
0 
0 
0 
0
0
0
0
0
0
0
0
0
0
0
