255      
255      
255      
255      
255      
255      
255      
255      
255      
255      
255      
255      
255      
255      
255      
255      
255      
255      
255      
0        
13       
25       
38       
51       
64       
76       
89       
102      
114      
127      
230      
205      
179      
154      
128      
103      
77       
52       
26       
0  
0  
0  
0  
0  
0  
0  
0  
0  
0  
0  
26       
51       
77       
102      
128      
153      
179      
204      
230      
255      
255      
255      
255      
255      
255      
255      
255      
255      
255      
255
234      
213      
191      
170      
149      
128      
106      
85 
64 
43 
21       
0  
0  
13       
26       
38       
51       
64       
77       
89       
102      
115      
128      
140      
153      
166      
179      
191      
204      
217      
230      
242      
255      
255      
255      
255      
255      
255      
255      
255      
254      
252      
249      
247      
244      
242      
239      
237      
234      
232      
229      
226      
224      
221      
219      
216      
214      
211      
209      
206      
203      
201      
198      
196      
193      
191      
188      
186      
183      
181      
178      
175      
173      
170      
168      
165      
163      
160      
158      
155      
152      
150      
147      
145      
142      
140      
137      
135      
132      
130      
127      
124      
122      
119      
117      
114      
112      
109      
107      
104      
101      
99       
96       
94       
91       
89       
86       
84       
81       
79       
76       
73       
71       
68       
66       
63       
61       
58       
56       
53       
50       
48       
45       
43       
40       
38       
35       
33       
30       
28       
25       
22       
20       
17       
15       
12       
10       
07       
05       
02       
0  
0  
